14,9 41,1 16,5 47,5 41,3 4,1 4,7 49,8 24,9 3,6
14,3 35,4 17,0 48,6 42,5 4,5 4,4 38,0 23,7 2,8
7,8 22,1 9,1 26,8 16,6 3,5 3,7 32,6 17,8 3,7
6,2 18,1 3,2 18,9 17,2 3,8 3,3 17,4 8,3 7,5
5,7 18,2 3,7 20,5 24,4 3,6 3,6 14,0 14,3 5,3
6,8 18,0 14,7 36,1 37,5 4,1 4,2 48,8 15,7 5,3
10,1 32,9 15,0 35,6 44,2 3,9 4,2 42,8 19,2 3,1
14,1 33,7 14,0 41,4 40,1 4,2 4,0 26,5 19,5 4,4
11,5 34,0 3,2 14,5 39,2 4,6 2,9 11,9 27,5 3,3
6,9 19,6 7,3 24,5 39,9 4,4 3,8 30,3 18,6 5,0
5,4 22,5 16,6 47,1 20,4 3,9 4,0 47,3 17,1 4,0
5,5 15,7 13,1 39,3 11,6 2,7 4,2 49,4 8,5 7,0
11,0 26,7 9,4 27,2 20,5 3,3 3,5 32,5 17,7 4,4
14,7 41,9 3,0 10,5 35,7 4,0 3,8 33,1 27,7 3,1
14,4 39,6 3,5 17,3 48,4 4,3 3,8 26,9 27,7 2,4
13,3 33,9 8,6 26,1 38,5 3,8 3,7 16,9 18,1 5,0
7,8 26,3 16,5 47,3 25,5 3,3 4,3 26,6 9,6 7,2
7,4 22,0 17,0 41,1 19,4 3,5 4,6 37,4 7,8 8,3
5,3 15,4 16,9 39,9 20,4 3,7 4,7 42,0 8,4 6,6
11,8 36,6 11,2 35,1 41,8 3,9 4,0 35,3 18,4 4,2
14,7 42,6 8,6 26,4 46,8 4,6 2,8 15,7 23,3 3,3
8,0 29,2 4,1 16,4 33,5 4,0 2,3 10,1 24,3 4,8
5,1 22,1 3,5 11,8 19,5 3,5 3,4 20,7 25,0 3,8
10,7 27,1 3,1 13,7 19,1 3,9 4,5 35,6 20,8 3,0
14,4 41,8 6,6 21,3 29,9 3,8 4,5 43,7 15,3 4,5
14,9 39,6 16,7 40,1 35,6 4,3 4,5 37,3 9,9 6,5
10,1 27,3 16,1 45,6 47,7 4,3 3,5 21,1 20,7 3,6
5,0 19,7 15,5 40,1 46,7 4,3 3,9 32,2 23,7 2,2
7,2 22,1 13,8 39,6 41,2 4,2 4,4 41,8 18,6 5,3
8,7 21,7 3,6 18,4 26,5 3,4 3,7 38,4 11,1 4,8